1265989743
1662943705
1779408831
1715991522
1877423263
1749167684
2391287292
1908251801
1222268993
1846746135
1797036332
5895225156
2077477865
6006516628
1894158641
1745453411
1300605390
2014305981
1320682073
1659561791
1228647020
5573634134
1828192211
2916497573
1233403813
1616510481
1772847793
5992829552
2899528573
2142168143
1769165581
3632055312
1702275522
5355347548
1626506953
2836149552
1744653127
1727998232
3818859252
3900215081
1889728690
5135808743
