1811626164
1827889057
1727661660
1411489797
5559148481
1834982335
1390365835
1667087750
2429077634
2440415545
1835976975
2491528833
1818271840
1728041302
1768006845
1249458720
1463354504
5399384357
2801288777
5653982271
1389595163
6175832951
1782540861
2492566240
3533840185
5416809835
2694793283
5847475496
1760938994
2054880800
1278523234
2196062723
1086781301
3027753170
3052592005
1648371701
1768346942
1640799014
2504952427
1716363362
1642493805
1664378661
1783170751
1216428815
5034901460
1779613255
1904797913
1805693300
3127151131
1833534480
1766865713
3654172244
2201560760
3988245755
2711076037
1750945132
1685181441
5747171179
1455197710
3318878195
1768749364
2112191182
1072352601
1766642260
1227058703
2014149464
2804698383
1918389847
1214199295
5206472043
1634139750
2308572915
5971790784
1866902792
1639772447
2311806023
3052362345
1612889160
2142998151
3480657912
5533018793
1410364817
1462214970
5661502915
1152384530
1692016845
1534936623
1564439351
1461978967
5745465714
1797036332
1485095851
3310656492
1771913137
1678980455
1884214700
2163580750
5896171584
2371912697
5689791171
2271747543
1678366407
2302672780
1771377552
1706921674
1726693233
2904066825
1770529042
1934084825
1741832310
2029127403
1792099101
1760696854
1957824067
2105581513
2281427024
1865506567
2832958210
1639004252
1639264641
2289681923
3819871058
1660544221
1215468900
1863887584
3884980048
1795550965
3614301462
1661074555
1829804722
5799652003
6517027609
6515921318
6515177212
1727233074
2923407193
5695708121
1641739887
1607461664
6003420538
1358023322
1832320492
1747930784
1372206042
2508526094
5685158518
1750779917
2049998295
1893749465
1274095785
